0, 0, 0, 0, 0, 0, 0, 0, 0, 0,    1, 0, 0, 0, 0, 0, 0, 0, 0, 0,    0, 0, 1, 0, 0, 0, 0, 0, 1, 0,    1, 0, 0, 0, 
0, 0, 0, 0, 0, 0, 0, 0, 0, 0,    0, 1, 0, 0, 0, 0, 1, 0, 0, 0,    0, 0, 0, 0, 0, 0, 1, 0, 0, 0,    0, 0, 1, 0, 
0, 0, 1, 0, 0, 0, 1, 0, 0, 0,    0, 0, 0, 0, 0, 0, 0, 0, 0, 0,    0, 0, 0, 0, 1, 0, 0, 0, 0, 0,    0, 0, 0, 0, 
0, 1, 0, 0, 0, 0, 0, 0, 0, 0,    0, 0, 0, 0, 1, 1, 0, 0, 0, 0,    0, 0, 0, 0, 0, 0, 0, 0, 0, 0,    0, 0, 0, 0

120, 146, 112, 129, 146, 7, 146, 32, 26, 134, 146, 131, 45, 146, 136, 105, 146

0, 0, 0, 0, 1, 0, 0, 0, 0, 0,    0, 0, 0, 0, 0, 0, 0, 0, 0, 0,    0, 0, 0, 0, 0, 0, 0, 0, 0, 0,    0, 0, 0, 0, 
0, 0, 0, 0, 0, 0, 0, 0, 0, 0,    0, 0, 0, 0, 0, 1, 0, 0, 0, 1,    0, 0, 0, 0, 0, 0, 0, 0, 0, 0,    0, 0, 0, 0, 
0, 0, 0, 0, 0, 0, 0, 0, 0, 0,    1, 0, 0, 0, 0, 1, 0, 0, 0, 1,    0, 0, 0, 0, 0, 0, 0, 0, 0, 0,    0, 0, 0, 0, 
0, 0, 0, 1, 0, 1, 0, 0, 0, 0,    0, 1, 0, 0, 0, 0, 0, 0, 0, 1,    0, 0, 0, 0, 0, 0, 0, 0, 0, 0,    0, 0, 0, 0


0, 0, 0, 0, 0, 0, 0, 0, 0, 0,    0, 0, 0, 0, 0, 0, 0, 0, 0, 0,    0, 0, 0, 0, 1, 0, 0, 0, 0, 0,    0, 0, 0, 0, 
0, 0, 0, 0, 0, 0, 0, 0, 0, 0,    0, 0, 0, 0, 0, 0, 0, 0, 0, 0,    0, 0, 0, 1, 0, 0, 0, 0, 0, 0,    0, 0, 0, 0, 
0, 0, 0, 0, 0, 0, 0, 0, 0, 0,    0, 0, 0, 0, 0, 0, 0, 0, 0, 0,    0, 0, 0, 0, 0, 0, 0, 0, 0, 0,    0, 0, 0, 0, 
0, 0, 0, 0, 0, 0, 0, 0, 0, 0,    0, 0, 0, 0, 0, 0, 0, 0, 0, 0,    0, 0, 1, 0, 0, 0, 0, 0, 0, 0,    0, 0, 0, 0

0, 0, 0, 1, 0, 0, 0, 0, 1, 1,    0, 0, 1, 0, 0, 0, 0, 0, 0, 0,    0, 0, 0, 0, 0, 0, 0, 0, 0, 0,    0, 0, 0, 0, 
0, 0, 0, 0, 0, 0, 0, 0, 0, 0,    0, 0, 0, 0, 0, 0, 0, 0, 0, 0,    0, 0, 1, 0, 0, 0, 0, 0, 0, 0,    0, 0, 0, 0, 
0, 0, 0, 0, 0, 0, 0, 0, 0, 0,    0, 0, 0, 0, 0, 0, 0, 0, 1, 0,    0, 0, 0, 0, 0, 0, 0, 0, 0, 1,    0, 0, 0, 1, 
0, 0, 0, 0, 0, 0, 0, 0, 0, 0,    0, 0, 0, 0, 0, 0, 0, 0, 1, 0,    0, 0, 0, 0, 0, 0, 0, 0, 0, 0,    0, 0, 0, 0
